64	96
80	39
69	23
72	42
48	67
58	43
81	34
79	17
30	23
42	67
7	76
29	51
78	92
64	8
95	57
57	91
40	35
68	40
92	34
62	1
28	43
76	73
67	88
93	54
6	8
87	18
30	9
77	13
78	94
55	3
82	88
73	28
20	55
27	43
95	86
67	99
48	83
75	81
8	19
20	18
54	38
63	36
44	33
52	18
12	13
25	5
58	85
5	67
90	9
41	76
25	76
37	64
56	63
10	55
98	7
16	74
89	60
48	82
81	76
29	60
17	22
5	45
79	70
9	100
17	82
74	67
10	68
48	19
83	86
84	94






1150	1760
630	1660
40	2090
750	1100
750	2030
1030	2070
1650	650
1490	1630
790	2260
710	1310
840	550
1170	2300
970	1340
510	700
750	900
1280	1200
230	590
460	860
1040	950
590	1390
830	1770
490	500
1840	1240
1260	1500
1280	790
490	2130
1460	1420
1260	1910
360	1980



94	121
87  149
119	73
42	193
47	63
152	2
164	181
154	40
67	132
53	106


Maximum iterations	                5 000
Stop if max. distance less than	    0,0001
Actual iteration	                1 275
Elapsed time	                    0:00:07
Actual radius	                    12
Actual learning rate	            0,5087
Actual length adaptive ring	        4,0288
Length of tour                  	4,0290
